Some((
    red: 0.5640867,
    green: 0.76699376,
    blue: 0.6993697,
    alpha: 1.0,
))