Some((
    red: 0.56403095,
    green: 0.7670305,
    blue: 0.69919646,
    alpha: 1.0,
))