Some((
    red: 0.56573594,
    green: 0.7665063,
    blue: 0.69975066,
    alpha: 1.0,
))