Some((
    red: 0.33851033,
    green: 0.5323626,
    blue: 0.47097605,
))