Some((
    red: 0.33169675,
    green: 0.52761567,
    blue: 0.46557468,
))