Some((
    red: 0.32372653,
    green: 0.519556,
    blue: 0.4575433,
))